1
2
16
19
18
0
0
1
7
0
3
0
2
11
0
3
5
0
3
3
1
13
0
5
7
16
23
0
5
5
1
10
0
5
4
0
3
17
0
3
3
1
11
29
0
6
0
2
35
0
3
10
20
0
4
20
3
6
12
0
6
3
5
29
20
9
0
7
43
0
3
9
6
12
15
0
6
4
23
52
0
5
19
79
0
4
8
0
3
18
85
0
4
7
26
0
4
4
1
57
0
5
20
38
0
4
8
20
5
7
16
85
21
0
9
43
47
0
4
13
98
0
4
4
1
26
31
0
6
52
50
0
4
9
19
52
6
8
31
12
66
0
10
91
0
3
57
47
31
10
7
41
0
8
16
44
0
4
25
0
3
15
87
0
4
7
15
5
59
0
6
34
0
3
13
55
0
4
13
4
2
133
0
6
13
6
2
6
2
2
1
66
51
0
11
152
0
3
24
0
3
3
1
12
64
0
6
19
73
0
4
31
63
0
4
4
1
14
0
5
52
85
110
0
5
5
1
10
78
0
6
24
33
0
4
19
28
0
4
4
1
14
24
11
49
0
8
93
0
3
48
0
3
3
1
14
14
1
3
5
34
89
0
11
20
157
0
4
28
32
0
4
4
1
16
120
0
6
47
131
0
4
9
149
0
4
4
1
14
32
20
26
166
0
9
12
92
0
4
12
4
2
112
0
6
27
0
3
49
64
105
0
5
53
0
3
8
70
0
4
19
85
100
0
5
12
26
35
279
0
6
26
5
8
17
297
0
7
172
0
3
25
183
0
4
25
4
2
46
0
6
20
61
0
4
8
22
0
4
4
1
73
153
0
6
14
77
0
4
9
75
0
4
4
1
14
10
149
94
0
8
25
36
0
4
11
122
0
4
4
1
16
117
0
6
30
0
3
57
252
0
4
12
77
37
0
5
74
0
3
12
8
31
201
0
6
21
304
0
4
18
331
0
4
4
1
35
99
0
6
14
55
256
0
5
28
167
0
4
14
9
71
0
5
9
4
7
109
0
6
20
99
24
210
0
6
6
1
32
169
0
6
5
19
143
0
5
4
22
112
167
34
211
0
8
63
263
0
4
11
94
102
0
5
17
150
0
4
9
44
334
0
5
9
5
2
148
0
6
37
95
0
4
15
337
0
4
4
1
51
317
0
6
14
74
107
0
5
23
440
0
4
14
9
30
129
0
6
15
25
148
34
60
0
7
88
0
3
128
0
3
3
1
34
12
134
0
7
13
364
0
4
30
28
118
0
5
39
0
3
18
140
0
4
12
20
115
0
5
12
5
2
76
0
6
47
297
241
0
5
9
57
183
240
0
6
11
107
72
0
5
11
5
2
22
126
0
7
50
468
0
4
38
499
0
4
4
1
65
0
5
18
51
103
0
5
5
1
10
242
0
6
36
240
40
0
5
10
9
48
379
0
6
11
42
0
4
30
85
317
129
115
75
272
0
9
17
162
0
4
13
102
170
0
5
28
102
5
3
99
208
0
8
188
0
3
7
69
0
4
20
105
361
0
5
17
29
613
0
5
5
1
64
373
0
6
53
373
4
19
226
0
7
26
362
0
4
8
35
272
56
0
6
17
28
49
397
0
6
6
1
29
35
14
191
0
8
19
28
14
6
11
88
187
0
9
80
0
3
63
254
0
4
36
111
0
4
4
1
28
21
324
0
7
51
132
0
4
10
121
0
4
4
1
15
226
65
148
227
0
9
35
49
57
182
0
6
46
419
0
4
18
160
0
4
4
1
23
259
0
6
14
62
0
4
9
25
257
0
5
109
343
0
4
9
9
1
20
127
0
7
57
38
200
0
5
16
415
0
4
16
4
2
219
0
6
35
55
386
0
5
15
67
0
4
13
175
0
4
4
1
34
288
0
6
19
118
282
0
5
19
5
2
30
206
0
7
46
80
122
463
0
6
18
82
0
4
27
552
0
4
4
1
32
405
0
6
14
86
0
4
9
76
300
0
5
34
45
0
4
9
9
1
20
86
16
75
244
0
10
141
0
3
164
0
3
3
1
15
77
496
0
7
56
203
0
4
27
50
310
0
5
36
179
0
4
9
35
101
0
5
9
5
2
81
0
6
60
395
0
4
15
33
700
0
5
13
111
203
34
63
211
469
0
9
23
168
0
4
18
96
0
4
4
1
57
154
0
6
32
96
10
72
374
0
7
63
26
274
0
5
35
54
0
4
21
235
0
4
4
1
26
14
115
342
0
8
270
0
3
93
743
0
4
14
12
426
0
5
28
260
0
4
9
59
836
0
5
9
5
2
87
849
0
7
49
253
0
4
16
134
475
0
5
14
30
182
262
0
6
71
589
0
4
15
103
422
0
5
15
5
2
31
630
0
7
31
4
14
24
597
0
7
7
1
74
541
0
6
29
348
0
4
15
24
15
2
25
281
0
8
84
0
3
84
3
2
10
116
0
7
27
174
0
4
22
491
0
4
4
1
36
179
179
1
4
6
38
295
0
12
105
430
0
4
9
97
0
4
4
1
16
92
816
0
7
35
145
0
4
10
43
1006
0
5
84
51
382
0
5
5
1
21
157
868
0
7
21
5
8
69
473
0
7
7
1
14
98
1027
0
7
6
55
335
0
5
17
453
0
4
40
536
0
4
4
1
20
283
0
6
18
221
0
4
9
69
35
60
250
0
7
30
156
0
4
11
464
0
4
4
1
25
124
0
6
25
4
7
17
42
565
0
8
63
237
0
4
10
87
197
0
5
56
309
0
4
9
42
18
48
590
0
7
25
28
225
0
5
16
117
837
0
5
5
1
44
746
0
6
44
4
25
18
24
179
151
0
9
31
202
0
4
11
67
431
0
5
23
312
0
4
9
14
116
185
0
6
28
43
147
0
5
15
207
0
4
15
4
2
202
30
99
622
0
9
23
28
19
447
0
6
24
48
73
932
0
6
6
1
64
617
0
6
5
32
345
0
5
4
31
61
958
0
6
11
62
533
0
5
11
5
2
43
54
351
0
8
124
135
0
4
22
246
0
4
4
1
38
240
715
0
7
119
0
3
269
0
3
3
1
13
414
0
6
40
194
0
4
22
27
278
0
5
42
146
0
4
9
83
0
4
4
1
23
88
652
0
7
36
287
0
4
10
175
557
0
5
24
96
428
0
5
5
1
21
257
608
0
7
21
5
8
75
516
0
7
7
1
14
146
45
533
95
912
0
10
33
484
0
4
38
83
53
736
0
6
72
464
241
851
0
6
6
1
26
453
278
76
565
238
0
10
26
8
42
81
521
0
7
42
5
50
543
0
6
22
97
350
0
5
9
93
471
0
5
5
1
33
51
342
485
0
8
29
414
123
0
5
12
378
0
4
62
167
1013
0
5
9
27
129
849
478
0
7
45
84
370
0
5
12
21
101
583
0
6
50
54
183
925
0
6
6
1
46
666
0
6
5
19
231
0
5
4
41
1372
0
5
5
1
16
301
0
6
16
4
12
36
158
0
7
46
27
53
120
1268
0
7
7
1
20
383
0
6
20
4
20
2
235
581
0
8
88
187
839
0
5
38
146
158
31
260
570
0
8
13
224
0
4
23
205
0
4
4
1
35
408
0
6
35
4
7
43
269
247
0
8
22
141
707
0
5
35
13
28
317
965
0
7
17
410
0
4
22
16
80
766
0
6
30
338
0
4
10
181
0
4
4
1
44
389
0
6
14
224
58
0
5
36
101
137
0
5
5
1
16
31
76
209
0
8
54
144
0
4
27
113
0
4
4
1
16
16
1
3
315
0
9
179
423
0
4
12
136
0
4
4
1
14
45
184
0
7
74
627
0
4
10
64
388
0
5
48
399
0
4
9
29
223
0
5
9
5
2
146
136
32
401
0
9
8
60
533
300
839
150
1229
0
9
9
1
43
129
232
0
7
43
5
25
486
0
6
99
450
0
4
40
381
0
4
4
1
21
241
314
0
7
21
5
21
2
47
1175
0
8
44
126
1160
0
5
11
440
1241
0
5
5
1
25
39
1210
0
7
25
5
8
20
219
962
0
8
5
7
10
95
370
287
405
921
0
10
7
9
72
365
0
6
64
108
0
4
59
795
0
4
4
1
39
38
240
469
866
0
9
21
64
18
572
0
6
23
240
12
149
1444
0
7
35
224
193
0
5
50
325
0
4
30
216
0
4
4
1
35
15
565
404
0
8
67
593
0
4
11
91
1708
0
5
25
84
361
1185
0
6
43
136
158
295
766
250
688
0
9
58
236
0
4
24
487
0
4
4
1
40
145
764
0
7
60
175
503
0
5
35
50
61
582
0
6
35
6
2
149
78
1672
0
8
58
34
966
0
5
19
391
0
4
34
8
11
65
1160
161
0
8
6
24
48
232
202
646
0
8
8
1
51
463
1082
0
7
51
5
29
242
1320
0
7
7
1
14
268
0
6
27
295
86
1067
0
6
6
1
12
137
319
0
7
18
148
1206
0
5
29
29
1
13
368
0
7
12
17
367
0
5
12
5
2
83
561
0
7
12
7
2
7
2
2
1
23
175
108
199
0
13
28
396
0
4
90
0
3
342
537
0
4
7
21
199
16
352
0
7
6
62
536
